3087
61810
14370
37202
30488
6892
28295
1132
26361
12549
49395
1320
18867
8682
80753
2499
3087
12684
1151
66027
1177
83185
1749
59812
1156
103526
2713
8508
125385
1625
49554
49554
8736
11946
38798
2998
5713
1185
12894
37202
4343
1176
2713
33635
26416
6892
23942
13389
1140
8682
4445
1320
8508
125385
12721
67662
5204
1136
9602
7059
33635
103526
26416
12086
88518
103526
26416
2713
61267
49968
1625
12721
8682
77359
4673
6046
1134
54803
2713
43090
36001
5947
1189
4300
29538
12684
1151
4343
1182
27101
1185
5519
1148
130893
2713
10684
24777
10612
1160
1625
5277
1182
11852
25939
85022
9883
3087
10684
34985
26313
1149
26416
2713
9890
28883
1151
1320
23942
76057
13389
1140
8682
60288
9602
7059
33635
86373
1144
26416
2713
23942
5713
1185
1625
77359
4673
43090
2713
63132
1168
11121
1159
33332
1149
2636
1185
4300
6046
1134
45893
1187
2713
23942
76057
5713
1164
40647
27934
1320
36001
66175
11022
18867
8682
5428
1167
7429
18709
1148
4300
8736
12549
17825
1625
2998
8508
125385
109755
5428
1167
114134
8560
88518
2713
14370
36001
1625
87982
13389
1140
8682
4445
35303
94127
7059
23295
1161
23295
1161
2713
11305
1180
26361
1625
44290
58933
4836
16307
18807
2713
16907
18807
27934
1320
55022
79088
102115
12600
4836
10437
1133
79088
33635
43995
12894
1625
5204
1136
9602
7059
86061
12945
1138
2713
77497
20759
105080
77408
1625
8642
1144
13596
42932
73504
30033
1150
2713
26416
90487
1625
19885
80827
33678
3588
1166
9079
76421
18951
4392
2998
103526
8508
125385
4445
1320
60896
18807
126801
16442
30419
12273
1129
1625
26416
96037
10437
1147
7709
1129
11293
43090
1625
18867
8682
9250
6623
5531
1032
1053
1049
1050
1120
1051
1056
1052
1625
5204
1136
9602
7059
75831
109042
49554
1749
76057
1632
1180
2713
60780
8350
12104
47540
17583
1320
2
